987654321 1111111111111111 1234 1500
1111222233334444 2222222222222222 5678 2300
5555666677778888 3333333333333333 9012 1800
1234567890123456 4444444444444444 3456 3200
8888777766665555 5555555555555555 7890 750
1111111111111111 6666666666666666 2222 1000
2222222222222222 7777777777777777 3333 2000
3333333333333333 8888888888888888 4444 3000
4444444444444444 9999999999999999 5555 4000
5555555555555555 1212121212121212 6666 5000
6666666666666666 2323232323232323 7777 6000
7777777777777777 3434343434343434 8888 7000
8888888888888888 4545454545454545 9999 8000
9999999999999999 5656565656565656 0000 9000
1212121212121212 6767676767676767 1313 11000
2323232323232323 7878787878787878 3434 12000
3434343434343434 8989898989898989 4545 13000
4545454545454545 1010101010101010 5656 14000
5656565656565656 2121212121212121 6767 15000
6767676767676767 3232323232323232 7878 16000
7878787878787878 4343434343434343 8989 17000
8989898989898989 5454545454545454 9090 18000
1010101010101010 6565656565656565 1111 19000
2121212121212121 7676767676767676 1212 20000
3232323232323232 8787878787878787 2323 21000
4343434343434343 5656565656565656 3434 22000
5454545454545454 6565656565656565 4545 23000
6565656565656565 7676767676767676 5656 24000
7676767676767676 8787878787878787 6767 25000
8787878787878787 1010101010101010 7878 26000
